names	scores	logFC	pvals	pvals_adj	pct_nz_group
MAP2K2	2.8111756	1.3667754	0.00493608446322947	0.1290249834808192	0.34285714285714286
RPL13AP5	2.7107217	0.7127659	0.006713695807771039	0.1290249834808192	0.5714285714285714
EEF1B2P2	2.6493757	0.59823066	0.0080640614675512	0.1290249834808192	0.6642857142857143
PHB2	2.2843678	0.81062484	0.02234993017804769	0.2681991621365723	0.4357142857142857
COTL1	2.1041641	0.5903335	0.03536413154525601	0.30793629480247	0.5285714285714286
ALKBH7	2.047419	0.6638829	0.040616944023416195	0.30793629480247	0.45714285714285713
ACAP1	1.935463	0.5341995	0.05293351312726871	0.30793629480247	0.4714285714285714
TMC6	1.9231938	0.77584904	0.054455721430163764	0.30793629480247	0.34285714285714286
ANXA11	1.8802516	0.6107222	0.060073792319585546	0.30793629480247	0.44285714285714284
CCDC57	1.8511124	1.056885	0.06415339475051458	0.30793629480247	0.29285714285714287
UCP2	1.7936006	0.63464916	0.07287694803104873	0.31800850049912177	0.4357142857142857
ATP5F1	1.7008148	0.5444786	0.08897775223334227	0.33173675006233644	0.44285714285714284
ARHGAP25	1.696214	0.50866103	0.08984536980854944	0.33173675006233644	0.4857142857142857
NDUFS7	1.6287335	0.9604534	0.10336945493052413	0.3328662084923469	0.2571428571428571
MT2A	1.6256661	0.606182	0.1040206901538584	0.3328662084923469	0.35714285714285715
DCAF5	1.5581857	0.52739346	0.11918923648497884	0.33900237453191107	0.40714285714285714
RBX1	1.5489838	0.6265026	0.12138561329129968	0.33900237453191107	0.37142857142857144
SNRNP70	1.5236787	0.65683895	0.12758901185078295	0.33900237453191107	0.35
STIM1	1.4538977	0.5517641	0.14597467883888934	0.33900237453191107	0.4357142857142857
LINS1	1.4416285	0.5529134	0.14940720633591725	0.33900237453191107	0.35714285714285715
AC106872.2	1.4155564	0.5148272	0.1569053988654883	0.33900237453191107	0.42142857142857143
CD99	1.408655	0.54675674	0.15893718530294654	0.33900237453191107	0.42142857142857143
AC098583.1	1.3664798	0.7695043	0.17178842552114904	0.33900237453191107	0.2714285714285714
CHD9	1.3434751	0.6371008	0.179118195654278	0.33900237453191107	0.34285714285714286
SUPT20H	1.3427082	0.5580578	0.179366465923955	0.33900237453191107	0.36428571428571427
CMTM7	1.3296722	0.55444765	0.18362628620478516	0.33900237453191107	0.35
PEX14	1.2683264	0.74392945	0.20468143333649202	0.3505990908969655	0.2714285714285714
OTUD6B-AS1	1.2407207	0.60283005	0.21470894791390172	0.3505990908969655	0.30714285714285716
ZNF431	1.226151	0.61265206	0.22014184113863278	0.3505990908969655	0.35
PTPN22	1.1977786	0.54900694	0.23100323372296316	0.3505990908969655	0.3142857142857143
KCNAB2	1.1778412	0.59967756	0.23885993988711296	0.3505990908969655	0.29285714285714287
MPHOSPH10	1.1709397	0.52434784	0.24162300086278687	0.3505990908969655	0.32142857142857145
SNX17	1.1556033	0.60511816	0.2478434722185474	0.3505990908969655	0.25
ACSL3	1.1180289	0.5524886	0.26355464858873046	0.3505990908969655	0.30714285714285716
BUD31	1.113428	0.6002776	0.26552467107772626	0.3505990908969655	0.3
METTL12	1.1011587	0.50574505	0.27082755641184186	0.3505990908969655	0.34285714285714286
ICAM3	1.0996251	0.5519372	0.2714954851504241	0.3505990908969655	0.3357142857142857
APH1A	1.0858223	0.65942335	0.27755761362676434	0.3505990908969655	0.25
RBM38	1.0597503	0.5693553	0.28925820993963924	0.35601010454109444	0.29285714285714287
YPEL2	1.0367455	0.6195698	0.29985443614158425	0.3598253233699011	0.2571428571428571
UBN1	0.965431	0.5307717	0.33432898307916903	0.39140954116585647	0.25
SZRD1	0.9171211	0.534807	0.35907918326929167	0.40128123534979543	0.2714285714285714
XBP1	0.9163543	0.5126472	0.3594811066675251	0.40128123534979543	0.2785714285714286
TRG-AS1	0.85577524	0.5026785	0.3921221293209358	0.4074336954568269	0.3
COX20	0.84427285	0.5858573	0.3985169505821544	0.4074336954568269	0.29285714285714287
LMAN1	0.84350604	0.51110023	0.398945493468143	0.4074336954568269	0.2857142857142857
ITGB1	0.84350604	0.5213672	0.398945493468143	0.4074336954568269	0.2857142857142857
MXI1	0.7545545	0.53803474	0.45051634073787294	0.45051634073787294	0.2714285714285714
