names	scores	logFC	pvals	pvals_adj	pct_nz_group
CD55	7.01797	1.2762504	2.2511455840415967e-12	1.6433362763503656e-09	0.9849624060150376
PRKCA	4.913806	0.9365788	8.932511754531709e-07	0.0003260366790404074	0.924812030075188
LINC-PINT	4.5165915	0.93381584	6.28430016907201e-06	0.0015291797078075225	0.9548872180451128
DENND4A	4.417671	0.831326	9.977006724399472e-06	0.0017258638792993146	0.8947368421052632
SAMHD1	4.3808637	0.79748863	1.1820985474652838e-05	0.0017258638792993146	0.9097744360902256
PDE3B	4.321051	0.6593137	1.5528752271879092e-05	0.0018893315264119563	1.0
NELL2	4.182256	0.87602955	2.8863036188736288e-05	0.002555259784167061	0.9398496240601504
STK17B	4.1807227	0.6833453	2.905841544797944e-05	0.002555259784167061	0.9323308270676691
SERPINB9	4.1623187	1.6108207	3.150320281849801e-05	0.002555259784167061	0.48120300751879697
RUNX2	3.9123344	1.1111906	9.140823946862848e-05	0.0062024832170619	0.6466165413533834
JMJD1C	3.9069667	0.8169543	9.346207587353548e-05	0.0062024832170619	0.8571428571428571
SORL1	3.8716927	1.0131617	0.00010808216654935749	0.0065749984650859145	0.6917293233082706
HECTD1	3.8233829	1.3074422	0.00013163317614354637	0.007391709121906834	0.5263157894736842
BACH2	3.7605033	0.7541437	0.0001695718669609274	0.008841961634391214	0.9849624060150376
SYNE2	3.670785	0.9499787	0.00024180678560489774	0.011334154950010526	0.8120300751879699
GNB1	3.6638834	1.1735027	0.00024841983452077865	0.011334154950010526	0.5488721804511278
RALGAPA1	3.6301432	0.96907973	0.0002832639863974128	0.011434396698433894	0.6992481203007519
PDCD4	3.6194077	0.8167392	0.00029527810545563896	0.011434396698433894	0.8195488721804511
SKAP1	3.6048381	0.7610994	0.00031234763903792456	0.011434396698433894	0.9097744360902256
ZNF644	3.6040711	0.8390953	0.00031327114242284636	0.011434396698433894	0.7443609022556391
BST2	3.56573	1.5269711	0.0003628447210936264	0.012252832666083532	0.42857142857142855
CNOT6L	3.561129	0.66893226	0.0003692634502107366	0.012252832666083532	0.9022556390977443
DNTTIP2	3.5335236	1.3853658	0.0004100597085215018	0.013014938574812882	0.46616541353383456
ODF2L	3.5166533	1.1477551	0.00043702415986967966	0.013292818196036092	0.518796992481203
GPATCH2L	3.48368	1.3129132	0.0004945705877563463	0.01444146116248531	0.45112781954887216
INO80	3.4277017	1.3580408	0.000608713731538462	0.01673892823167302	0.42857142857142855
USP3	3.423101	0.7057398	0.0006191110441851666	0.01673892823167302	0.8345864661654135
SMYD3	3.348719	0.8282926	0.0008118610529470956	0.020493132376512364	0.7669172932330827
MED13	3.3479521	1.0226843	0.0008141107382450118	0.020493132376512364	0.5338345864661654
GUSBP1	3.3379834	0.8594339	0.0008438878564265453	0.02053460450637927	0.6691729323308271
TCERG1	3.3188128	1.017797	0.0009040100252731866	0.021138263893672446	0.5864661654135338
SUMF1	3.3119113	1.1227409	0.0009266088282157784	0.021138263893672446	0.5112781954887218
STAT1	3.3019426	1.0575432	0.0009601768114618437	0.021240274920216542	0.5413533834586466
MAPRE2	3.2720366	0.971415	0.0010677575939017428	0.021526360628423554	0.6015037593984962
KLF12	3.269736	0.7217419	0.001076478570295106	0.021526360628423554	0.8796992481203008
AKT3	3.265135	0.8505871	0.0010941185111022801	0.021526360628423554	0.6992481203007519
RPGR	3.2597673	1.1535927	0.001115036155891772	0.021526360628423554	0.49624060150375937
IKZF1	3.257467	0.57645655	0.0011241135486322702	0.021526360628423554	0.8796992481203008
USP53	3.2421305	1.109723	0.001186396996982532	0.021526360628423554	0.518796992481203
PRKCH	3.2367628	0.63231134	0.0012089389918654282	0.021526360628423554	0.8421052631578947
FAM172A	3.2298613	0.7923215	0.0012385029402654647	0.021526360628423554	0.7669172932330827
SLC16A7	3.2298613	1.0188968	0.0012385029402654647	0.021526360628423554	0.5639097744360902
FOXJ3	3.1984215	0.8482506	0.0013818214332484023	0.02345882898305427	0.6766917293233082
SIK3	3.1685154	0.78365403	0.0015321963843951836	0.024756158780834328	0.7819548872180451
ZNF292	3.1623807	0.7143829	0.0015648478712664378	0.024756158780834328	0.6992481203007519
USP34	3.1547127	0.64522415	0.0016065630075954647	0.024756158780834328	0.8195488721804511
NAA16	3.1516452	0.79619145	0.001623533816712303	0.024756158780834328	0.6616541353383458
MAML2	3.1508784	0.5024492	0.0016278022212055448	0.024756158780834328	0.9323308270676691
UBR2	3.1301742	1.0935625	0.0017470266754294904	0.02600963166289564	0.47368421052631576
SCAF11	3.1041021	0.61104363	0.0019085739173777816	0.02600963166289564	0.8270676691729323
DPP4	3.0995014	1.5846256	0.0019384675533697837	0.02600963166289564	0.3533834586466165
HERC4	3.0995014	0.93054515	0.0019384675533697837	0.02600963166289564	0.5639097744360902
KCNQ5	3.0895326	1.0260311	0.0020047173871873348	0.02600963166289564	0.5413533834586466
FAM60A	3.087232	1.319155	0.0020202979947247677	0.02600963166289564	0.39849624060150374
EXOC4	3.087232	0.85202754	0.0020202979947247677	0.02600963166289564	0.7142857142857143
NDFIP1	3.0856984	0.6459057	0.0020307467165047452	0.02600963166289564	0.849624060150376
DOCK10	3.0749629	0.53960174	0.0021052874033954463	0.02600963166289564	0.9699248120300752
IMMP2L	3.0718956	0.854	0.0021270410087807345	0.02600963166289564	0.6992481203007519
NEMF	3.0642273	0.8261191	0.002182329821337988	0.02600963166289564	0.6090225563909775
BCL11B	3.0603933	0.5639633	0.002210465440240563	0.02600963166289564	0.9323308270676691
PDE4D	3.0596263	0.9251826	0.00221613230278341	0.02600963166289564	0.5639097744360902
HNRNPA2B1	3.0596263	0.5861233	0.00221613230278341	0.02600963166289564	0.8796992481203008
ADK	3.0557923	0.6880054	0.0022446668421403086	0.02600963166289564	0.8120300751879699
ZC3H15	3.0504246	0.80579436	0.0022851809450066857	0.02606094693991072	0.6090225563909775
CCDC91	3.0412226	0.57429093	0.002356195202786449	0.02606094693991072	0.7744360902255639
HIBADH	3.0412226	1.5588092	0.002356195202786449	0.02606094693991072	0.3533834586466165
RPS6KA5	3.0235858	1.0229017	0.002497982549896248	0.026952819454252656	0.5112781954887218
RASGEF1B	3.022052	0.7827453	0.0025106735929988776	0.026952819454252656	0.6616541353383458
MRPL42	3.0074825	1.4572544	0.0026342136289024013	0.027869216653605117	0.3609022556390977
ANKIB1	2.9515042	0.87358546	0.0031623015386665343	0.03297828747466529	0.5413533834586466
MAP3K2	2.9346342	0.82626045	0.0033394114632151924	0.034184694885206986	0.6165413533834586
DYRK2	2.9292665	1.1676604	0.003397630858413599	0.034184694885206986	0.41353383458646614
ZBTB10	2.9246655	0.9428675	0.0034482670657652887	0.034184694885206986	0.5338345864661654
ICE1	2.9231317	0.9098372	0.0034652978376785164	0.034184694885206986	0.5263157894736842
ATP8A1	2.8863242	0.6374767	0.0038977033346383567	0.03793764579048001	0.7744360902255639
ZFAND3	2.8817234	0.73924655	0.0039550683589642975	0.037989472395314965	0.6691729323308271
URI1	2.866387	0.74965644	0.004151865328969644	0.03873874426718354	0.6616541353383458
SF3B3	2.866387	1.6358522	0.004151865328969644	0.03873874426718354	0.3082706766917293
MBD5	2.8633196	0.6948787	0.004192275064530821	0.03873874426718354	0.7218045112781954
FNDC3A	2.8556514	0.7390152	0.0042948649842101064	0.03889416677813227	0.6616541353383458
SLAIN2	2.8541176	1.005771	0.004315654121957142	0.03889416677813227	0.47368421052631576
ATP2B1	2.8449159	0.7391074	0.0044423164180155345	0.03954745103843098	0.6842105263157895
SSB	2.830346	0.8480373	0.004649766781316896	0.04031783810313856	0.5413533834586466
BICRAL	2.8295794	0.7448307	0.004660924384243087	0.04031783810313856	0.6390977443609023
SETD5	2.8272789	0.81866443	0.004694542792831202	0.04031783810313856	0.5263157894736842
MAGED1	2.8203773	1.0294499	0.004796719243867603	0.04063476701942869	0.44360902255639095
GNG2	2.81731	0.7629659	0.004842773603685337	0.04063476701942869	0.6766917293233082
UBE2B	2.7843368	0.86613744	0.005363731749896881	0.04391905276866804	0.5263157894736842
ELL2	2.7835698	1.2648795	0.005376427504402636	0.04391905276866804	0.39849624060150374
CD247	2.7812696	0.6371149	0.0054146777386029086	0.04391905276866804	0.7969924812030075
PCGF5	2.7720675	0.64140046	0.005570147597910042	0.04468360160960803	0.7593984962406015
PTEN	2.765166	0.80900145	0.005689381092283406	0.04514400214529224	0.5413533834586466
SEPT2	2.752897	0.7619038	0.005907048483830627	0.04619724966421114	0.5639097744360902
TMPO	2.7505965	0.7884932	0.005948686943062804	0.04619724966421114	0.5864661654135338
TLE4	2.7421615	0.63712347	0.006103633691124966	0.04632219006604027	0.7894736842105263
PHKB	2.739861	0.987696	0.0061465180886309005	0.04632219006604027	0.40601503759398494
STAT3	2.7383273	0.7608913	0.006175258235799555	0.04632219006604027	0.6015037593984962
MEF2A	2.7360268	0.7722859	0.006218595378728694	0.04632219006604027	0.5413533834586466
REPS1	2.726825	1.1307112	0.006394695243609287	0.04686756876389986	0.37593984962406013
FRYL	2.7252913	0.6734919	0.00642447762121705	0.04686756876389986	0.6616541353383458
DUSP16	2.722224	0.8190968	0.006484417048156007	0.04686756876389986	0.5639097744360902
BPTF	2.7099547	0.58983916	0.006729237076293555	0.047877136756983255	0.8045112781954887
ASCC3	2.705354	0.6847878	0.006823165636731208	0.047877136756983255	0.6842105263157895
STAT4	2.705354	0.52804077	0.006823165636731208	0.047877136756983255	0.9172932330827067
USP33	2.7022865	0.7537021	0.006886437478744166	0.047877136756983255	0.5789473684210527
WDR7	2.6946185	0.8802629	0.007046929320600335	0.04853073966073816	0.49624060150375937
KDM1A	2.6900175	1.2263448	0.0071448289427647116	0.04874509465624523	0.3533834586466165
HSPD1	2.6846497	0.7008774	0.007260587008286769	0.048849513400590204	0.6766917293233082
PAPD4	2.683116	0.84535193	0.007293968439266208	0.048849513400590204	0.518796992481203
CANX	2.679282	0.80481386	0.007378025286843801	0.048963258721781595	0.5413533834586466
COX7A2	2.6762147	0.713945	0.007445895311942403	0.04896850070016174	0.7293233082706767
RYBP	2.670847	1.0163136	0.007566016342250733	0.04931421365931281	0.43609022556390975
RGCC	2.657044	0.60297596	0.007882915334876641	0.05048711304487542	0.8120300751879699
UTRN	2.6547434	0.5125365	0.007936872651206546	0.05048711304487542	0.8270676691729323
ATXN7	2.6463084	0.74490845	0.008137557270227606	0.05048711304487542	0.5714285714285714
XRCC5	2.644008	0.6329171	0.008193071983410563	0.05048711304487542	0.7443609022556391
ITFG1	2.6394072	0.7389589	0.00830511926402269	0.05048711304487542	0.6390977443609023
ZBTB44	2.6378734	0.98015064	0.008342771869113252	0.05048711304487542	0.41353383458646614
ZZZ3	2.6371067	0.8692696	0.00836165537659973	0.05048711304487542	0.47368421052631576
POLR2A	2.6363397	0.7311399	0.008380577108868685	0.05048711304487542	0.6541353383458647
ANXA1	2.6348062	1.0224158	0.008418535512752413	0.05048711304487542	0.48120300751879697
CAMK2D	2.6340394	0.748452	0.00843757231708877	0.05048711304487542	0.6090225563909775
NDUFB1	2.6248374	0.70204544	0.008669035313473362	0.051450372185654916	0.631578947368421
TBCA	2.618703	0.61160505	0.008826480442389855	0.05196234453987576	0.7368421052631579
CDKN1B	2.6064336	0.7067299	0.00914905503532207	0.053419104607844554	0.6165413533834586
SENP6	2.6018326	0.5936952	0.009272707547316511	0.053419104607844554	0.8270676691729323
HSPH1	2.6010659	0.8699217	0.00929346066465241	0.053419104607844554	0.5037593984962406
CDK17	2.5949314	0.71628433	0.009460983181085717	0.053573425682389354	0.5789473684210527
MPP7	2.5941644	0.6100496	0.009482111754797374	0.053573425682389354	0.7368421052631579
PRKAR2A	2.586496	0.9997164	0.009695723258261922	0.053573425682389354	0.42105263157894735
KIDINS220	2.5857294	0.9686133	0.009717318563054482	0.053573425682389354	0.44360902255639095
VAV3	2.5841959	1.6240866	0.009760637829805184	0.053573425682389354	0.2781954887218045
TMEM131L	2.5841959	0.6321407	0.009760637829805184	0.053573425682389354	0.6842105263157895
CHD2	2.578061	0.68359196	0.009935640963516507	0.05396498599393045	0.6992481203007519
EML4	2.5765276	0.62871844	0.009979826176959741	0.05396498599393045	0.7518796992481203
AHI1	2.55659	1.1357147	0.010570369224551141	0.05673801127884068	0.37593984962406013
LNPEP	2.548155	0.71423835	0.010829433000507947	0.05770427803190366	0.5864661654135338
ZNF518A	2.5381863	1.2267231	0.011142863908108478	0.058197629754974736	0.3383458646616541
RASGRP1	2.5374196	0.6834021	0.011167304462539676	0.058197629754974736	0.6165413533834586
SLC30A9	2.5358858	0.98305297	0.011216328454435515	0.058197629754974736	0.42105263157894735
HIVEP2	2.535119	0.56792456	0.011240912048563614	0.058197629754974736	0.8045112781954887
PLCL2	2.5297513	0.5316104	0.01141434104252208	0.05867935888057125	0.7669172932330827
TIMM23B	2.5243835	0.936119	0.011590141104588862	0.059166454589859224	0.47368421052631576
USO1	2.518249	1.225831	0.011793993817981895	0.05978899643838044	0.3458646616541353
PDE4B	2.5144148	1.0858842	0.011923010754518714	0.06002619207447353	0.42105263157894735
VIM	2.5098138	0.5144559	0.012079481720759557	0.06039740860379778	0.9022556390977443
LINC02328	2.504446	1.3377963	0.012264329312963344	0.06090449250655266	0.3082706766917293
KPNA4	2.4983115	0.7450929	0.012478648699119656	0.061550091556468574	0.556390977443609
TNFAIP3	2.492177	0.7078935	0.012696278058194992	0.0622032414931701	0.7218045112781954
YTHDC2	2.4883428	0.75786066	0.012833996255381197	0.0624587817761885	0.5112781954887218
NDUFA2	2.479141	1.0666012	0.013169926525954508	0.06366918121819067	0.37593984962406013
ATP6V1H	2.4714727	0.8605601	0.013455783420273438	0.06461503404125946	0.45112781954887216
NSMCE2	2.4691722	0.7276679	0.013542603025085885	0.06461503404125946	0.5263157894736842
OSBPL8	2.4599702	0.55324954	0.013894850619204846	0.06586520098713985	0.8646616541353384
YME1L1	2.452302	0.65550435	0.014194544160757648	0.06642577375741095	0.6090225563909775
SUPT3H	2.4500017	0.6359716	0.014285557513043667	0.06642577375741095	0.7518796992481203
PTPN4	2.4477012	0.6130621	0.014377085279001275	0.06642577375741095	0.7142857142857143
MSI2	2.4477012	0.58644474	0.014377085279001275	0.06642577375741095	0.6541353383458647
SF3B2	2.4384992	0.7190194	0.014748389010008781	0.06771272941702144	0.5639097744360902
SEM1	2.430831	0.79781353	0.015064238410123358	0.06834216035296611	0.46616541353383456
SNTG2	2.4285305	1.9992092	0.015160147861607822	0.06834216035296611	0.2556390977443609
CENPC	2.426997	0.59984314	0.015224385854625955	0.06834216035296611	0.6992481203007519
USP10	2.4239297	0.9615185	0.015353581229981428	0.06834216035296611	0.40601503759398494
YBX3	2.4239297	0.7576838	0.015353581229981428	0.06834216035296611	0.5413533834586466
SNX6	2.4154944	0.73800987	0.015713857775469943	0.06952191621874582	0.49624060150375937
PPP1R21	2.4108937	0.81026745	0.015913489924916892	0.06987816432639934	0.49624060150375937
SMU1	2.4078264	1.1659617	0.016047813826966288	0.06987816432639934	0.3383458646616541
CUL3	2.4070594	0.55992424	0.01608155014634944	0.06987816432639934	0.706766917293233
UQCRFS1	2.391723	0.9997474	0.016769492625697772	0.0721607488984695	0.37593984962406013
TRAPPC10	2.3909562	0.7469378	0.01680455796265728	0.0721607488984695	0.5037593984962406
INTS6L	2.387889	1.1717771	0.016945463777181646	0.07222036310033679	0.3082706766917293
H1FX	2.3863552	0.7728157	0.017016304730490314	0.07222036310033679	0.44360902255639095
CDC14A	2.3817544	0.6332021	0.01723038917379038	0.07270626645587848	0.6541353383458647
YPEL5	2.3771534	0.62892795	0.01744683251853937	0.07319648125594104	0.6015037593984962
NRCAM	2.3648841	1.0539834	0.018035710038807842	0.0746711830689897	0.3684210526315789
TOP2B	2.3641174	0.6931058	0.018073086221681696	0.0746711830689897	0.5789473684210527
YWHAE	2.3602831	0.739452	0.01826098644683123	0.0746711830689897	0.5488721804511278
COG5	2.3602831	0.5830391	0.01826098644683123	0.0746711830689897	0.6691729323308271
GMCL1	2.3564491	1.0215214	0.018450594810081454	0.0746711830689897	0.3458646616541353
RFWD2	2.3549154	0.6079273	0.01852691928014465	0.0746711830689897	0.6766917293233082
C11orf58	2.3518481	0.54479367	0.01868039749619799	0.0746711830689897	0.8045112781954887
RB1	2.3518481	0.73333305	0.01868039749619799	0.0746711830689897	0.49624060150375937
ECHDC1	2.3510814	0.85612047	0.018718940413185094	0.0746711830689897	0.41353383458646614
DDT	2.3457136	0.9134772	0.01899069400330848	0.07514889032616011	0.39097744360902253
IPO7	2.343413	0.8365842	0.01910821184091311	0.07514889032616011	0.42857142857142855
MAT2A	2.3426464	1.2688922	0.019147525480364084	0.07514889032616011	0.3007518796992481
DCAF6	2.3403459	1.1721816	0.019265890932540518	0.07520909294521165	0.3233082706766917
NPEPPS	2.3326776	1.1667727	0.019665073172837354	0.07569200418936854	0.3007518796992481
MTMR6	2.3311439	0.9928609	0.019745770804116946	0.07569200418936854	0.3533834586466165
PTGER4	2.3311439	0.75361234	0.019745770804116946	0.07569200418936854	0.518796992481203
BRAF	2.3296103	0.68800026	0.01982675745803552	0.07569200418936854	0.6541353383458647
SYAP1	2.3280766	0.80156547	0.01990803397857364	0.07569200418936854	0.45864661654135336
RORA	2.3250093	0.51646256	0.02007146000370459	0.07591795752696555	0.7744360902255639
GPCPD1	2.321942	0.64793605	0.020236055664448343	0.07614598265488294	0.6090225563909775
RFX3	2.3196416	0.5627734	0.020360274079871253	0.07622051322208212	0.7218045112781954
AFF1	2.313507	0.92928714	0.020694780368445426	0.07707749831104674	0.43609022556390975
NDUFA5	2.3066056	0.97661954	0.021076817828047986	0.07810191377906106	0.3684210526315789
ATR	2.3020046	0.66108024	0.021334910253473185	0.07822176413632827	0.5488721804511278
LRPPRC	2.2989373	0.74050313	0.021508497122513376	0.07822176413632827	0.48120300751879697
GOPC	2.2951033	1.0805371	0.021727208936369265	0.07822176413632827	0.3458646616541353
SBDS	2.2951033	0.60380715	0.021727208936369265	0.07822176413632827	0.6165413533834586
EZR	2.2928028	0.5302124	0.021859363024415834	0.07822176413632827	0.6842105263157895
TBL1X	2.2897356	0.56205153	0.022036656156027398	0.07822176413632827	0.6015037593984962
ABRACL	2.2851346	0.68853676	0.022304941007677905	0.07822176413632827	0.5112781954887218
SMG6	2.2843678	0.7442327	0.02234993017804769	0.07822176413632827	0.45112781954887216
PCMTD1	2.2836008	0.6674548	0.02239499822533234	0.07822176413632827	0.518796992481203
BCL2	2.2836008	0.6186909	0.02239499822533234	0.07822176413632827	0.7894736842105263
PFDN1	2.2836008	0.89154774	0.02239499822533234	0.07822176413632827	0.37593984962406013
AL138785.1	2.2836008	0.59174967	0.02239499822533234	0.07822176413632827	0.6090225563909775
DDB1	2.265197	1.0186619	0.023500586503270988	0.07996345052935049	0.3157894736842105
ARID1B	2.265197	0.5011855	0.023500586503270988	0.07996345052935049	0.7142857142857143
PPP4R3A	2.2628965	0.6098632	0.02364206172604629	0.07996345052935049	0.6015037593984962
FBXW7	2.2621298	0.57727987	0.02368938407007431	0.07996345052935049	0.5939849624060151
ME2	2.2621298	0.7919581	0.02368938407007431	0.07996345052935049	0.44360902255639095
LATS1	2.2621298	0.8812246	0.02368938407007431	0.07996345052935049	0.41353383458646614
STK26	2.2605963	0.82963	0.023784275350327583	0.07996345052935049	0.41353383458646614
ADSS	2.2605963	0.7513186	0.023784275350327583	0.07996345052935049	0.48872180451127817
PI4KA	2.2590625	0.7838527	0.02387949618547727	0.07996345052935049	0.44360902255639095
NR4A2	2.252928	0.7324036	0.024263693495387737	0.08051134659833205	0.42857142857142855
CD53	2.252928	0.55426747	0.024263693495387737	0.08051134659833205	0.7142857142857143
NGLY1	2.2490938	0.6789161	0.024506528192828315	0.08094916552382204	0.49624060150375937
UBE2H	2.2421925	0.91552013	0.024948940223503926	0.08203930794215254	0.39097744360902253
RTN3	2.2345243	0.958525	0.025448604558962917	0.08289416007724315	0.3684210526315789
HNRNPL	2.2345243	1.0891603	0.025448604558962917	0.08289416007724315	0.3082706766917293
ST3GAL5	2.2329905	1.2314196	0.02554956988682152	0.08289416007724315	0.2932330827067669
PCSK5	2.2237887	0.7057934	0.026162668699683533	0.08432371539601385	0.48120300751879697
ZNF326	2.222255	0.6893633	0.02626607853852343	0.08432371539601385	0.49624060150375937
RAB11FIP2	2.2199545	0.8713397	0.0264218555430795	0.08432371539601385	0.3458646616541353
NCKAP1L	2.2191877	0.94894034	0.02647395829056269	0.08432371539601385	0.3233082706766917
CRTC3	2.2161205	0.8427781	0.02668325788558794	0.08432371539601385	0.41353383458646614
SIRT1	2.2161205	0.81676525	0.02668325788558794	0.08432371539601385	0.38345864661654133
RB1CC1	2.209219	0.55561954	0.027159413278675416	0.08545849867859075	0.6766917293233082
C9orf3	2.2023175	1.0677886	0.02764288408301785	0.08623634778035483	0.3082706766917293
NKTR	2.2023175	0.5563583	0.02764288408301785	0.08623634778035483	0.7293233082706767
TFRC	2.2000172	1.0719055	0.02780568203031066	0.08634623332331103	0.3308270676691729
ACP1	2.1984835	0.71772903	0.027914672690823837	0.08634623332331103	0.49624060150375937
PHF20	2.1931157	0.63037974	0.028299045288688172	0.08716583569933488	0.5939849624060151
VDAC1	2.1823802	1.0841663	0.029081487881120548	0.08871208731331481	0.3082706766917293
MTIF3	2.1816134	0.9204593	0.029138082319843515	0.08871208731331481	0.3458646616541353
RNF13	2.1808465	0.8705187	0.02919477151535668	0.08871208731331481	0.38345864661654133
AC090498.1	2.1762455	0.7188133	0.029536903602579084	0.08871208731331481	0.42105263157894735
MAP4K4	2.1762455	0.6025727	0.029536903602579084	0.08871208731331481	0.5939849624060151
CPSF6	2.174712	0.7392519	0.029651711375957283	0.08871208731331481	0.46616541353383456
SPCS3	2.174712	0.8426713	0.029651711375957283	0.08871208731331481	0.41353383458646614
G3BP1	2.1670437	0.6167793	0.030231523718647665	0.090041692929657	0.5338345864661654
CD47	2.1647432	0.6346257	0.030407356144998732	0.090041692929657	0.5864661654135338
CREM	2.1639764	0.77877533	0.030466161854281203	0.090041692929657	0.45864661654135336
MX2	2.1609092	0.8254713	0.03070236259199155	0.09037388988771707	0.39849624060150374
JMY	2.1563082	0.6869344	0.031059611454566684	0.09105829864190233	0.5338345864661654
SIPA1L3	2.153241	0.9719486	0.031299754492156245	0.09139528311709624	0.3157894736842105
GMDS	2.144039	0.63814414	0.03202976446555192	0.09296275408952297	0.5112781954887218
CARD11	2.1432722	0.6808288	0.032091252096657245	0.09296275408952297	0.48120300751879697
REXO4	2.140205	1.1274103	0.0323382153097078	0.09311871359633771	0.3007518796992481
LAMTOR4	2.139438	0.8214777	0.03240020993625997	0.09311871359633771	0.41353383458646614
ATG7	2.1363707	0.8867121	0.032649207649509585	0.093279492770098	0.3684210526315789
ZCCHC2	2.135604	0.95625854	0.03271171253307546	0.093279492770098	0.3609022556390977
LSM14A	2.1333034	0.51974505	0.03289984237094924	0.09344502576790349	0.6992481203007519
WTAP	2.13177	0.6853848	0.03302577623030014	0.09344502576790349	0.49624060150375937
ECD	2.1294694	0.9704871	0.03321545059760901	0.09361883759171652	0.3308270676691729
TAGAP	2.1241016	0.5922202	0.03366165259233093	0.09414792353267021	0.6541353383458647
FBXW4	2.122568	0.7056875	0.03379007666515013	0.09414792353267021	0.40601503759398494
ZMYND8	2.122568	0.7414964	0.03379007666515013	0.09414792353267021	0.48120300751879697
BTBD11	2.1195006	0.8484603	0.034048182080695495	0.09450636090839433	0.40601503759398494
GFPT1	2.1148996	1.1120383	0.0344384993202368	0.09522766857489721	0.2932330827067669
H2AFY	2.1133661	0.8656208	0.03456945175913102	0.09522905578930432	0.38345864661654133
YWHAQ	2.1041641	0.73223156	0.03536413154525601	0.09640208882483724	0.46616541353383456
CUL1	2.1041641	0.624737	0.03536413154525601	0.09640208882483724	0.5037593984962406
AFF4	2.10033	0.6361491	0.03569982020954524	0.09640208882483724	0.5112781954887218
SNX2	2.0995631	0.7748224	0.035767283103330084	0.09640208882483724	0.39097744360902253
GORASP2	2.0980296	0.907586	0.03590253513339647	0.09640208882483724	0.3082706766917293
CBLB	2.0964959	0.505527	0.036038223056266874	0.09640208882483724	0.8345864661654135
RASGRF2	2.0941954	0.6647596	0.03624257461259476	0.09640208882483724	0.5263157894736842
AC138409.2	2.0934286	0.9916635	0.0363109109203636	0.09640208882483724	0.3157894736842105
SREK1	2.0934286	0.6363453	0.0363109109203636	0.09640208882483724	0.48872180451127817
NCOA3	2.0926619	0.57838744	0.036379357015856456	0.09640208882483724	0.5413533834586466
UBQLN1	2.0918949	0.7598615	0.03644791303514394	0.09640208882483724	0.39849624060150374
RAB3GAP2	2.0903614	0.69780195	0.036585355389830196	0.09641627954720593	0.42857142857142855
SNRPD3	2.086527	0.69684416	0.03693089448502343	0.09681091185245418	0.49624060150375937
IARS	2.0857604	0.82674307	0.03700033480388317	0.09681091185245418	0.38345864661654133
CAST	2.0819263	0.52971387	0.03734920642509224	0.09686560450956078	0.6541353383458647
AC022075.1	2.0811594	0.9152627	0.03741931571465225	0.09686560450956078	0.3308270676691729
MAP2K5	2.0811594	0.8311615	0.03741931571465225	0.09686560450956078	0.38345864661654133
HIST1H1E	2.0796258	0.58884805	0.037559870357742345	0.09688588466838131	0.6240601503759399
PTCD3	2.0727243	0.7954022	0.038197938572445966	0.09786333132203254	0.3609022556390977
TP53	2.0719576	0.77231216	0.038269400661167914	0.09786333132203254	0.39849624060150374
CHORDC1	2.0711908	1.103939	0.03834097638096069	0.09786333132203254	0.2857142857142857
SYTL3	2.0658228	0.6525031	0.03884519973676574	0.09880486344194771	0.518796992481203
ZBTB1	2.0619888	0.66054344	0.0392087987526165	0.09888193430701456	0.5263157894736842
ITPR1	2.0619888	0.66540563	0.0392087987526165	0.09888193430701456	0.46616541353383456
PSMB1	2.061222	0.6597934	0.03928186431374551	0.09888193430701456	0.47368421052631576
SLC12A6	2.0596883	0.8782629	0.03942834231058792	0.09890958723961919	0.3609022556390977
HCLS1	2.0573878	0.53140646	0.03964892858948565	0.09912232147371411	0.6090225563909775
ZNF708	2.0504866	0.6908713	0.04031698158061807	0.10044845240222249	0.45864661654135336
MAX	2.0466523	0.51655835	0.040692229546944854	0.101038529147176	0.6992481203007519
CAMTA1	2.0420513	0.72985536	0.04114643083412578	0.10166371403444514	0.40601503759398494
GPRIN3	2.0412846	0.8494556	0.04122254706054214	0.10166371403444514	0.40601503759398494
SGTB	2.039751	0.7553731	0.041375137370550485	0.10169646559091533	0.39097744360902253
TRPS1	2.0382173	0.83138025	0.04152820576981858	0.10173016849653546	0.2932330827067669
UBE2R2	2.0328496	0.69341564	0.04206772654406122	0.10255352200178638	0.42105263157894735
XIST	2.0320828	0.8301532	0.04214528301443276	0.10255352200178638	0.38345864661654133
DHX36	2.0297823	0.5057741	0.04237867867610655	0.1027788552609893	0.6917293233082706
RABGAP1	2.0213473	0.6637268	0.043243838095010506	0.10452980731575387	0.3684210526315789
TMEM57	2.0182798	0.7948327	0.04356212007843609	0.10495164243319585	0.39097744360902253
ZDHHC20	2.0167463	0.5274595	0.04372200167497503	0.1049903329695124	0.6015037593984962
PSMC6	2.013679	1.268478	0.04404325185079081	0.10507050278129834	0.2706766917293233
SYNE1	2.013679	0.5578416	0.04404325185079081	0.10507050278129834	0.5488721804511278
ADNP	2.0060108	0.8425869	0.04485510538297474	0.10665871964029824	0.38345864661654133
GRAP2	2.0014098	0.57518345	0.04534824892371008	0.10748123933217	0.5864661654135338
ST3GAL1	1.9998761	0.6071815	0.04551364232748084	0.10752413883191267	0.5338345864661654
TOB1	1.9937415	0.54915166	0.046180308216144626	0.10834235967520739	0.6165413533834586
XPO6	1.9929748	0.67412996	0.046264216747944176	0.10834235967520739	0.43609022556390975
ATP10A	1.9891406	0.697039	0.046685687325192966	0.10834235967520739	0.42857142857142855
BAZ1A	1.9891406	0.63660926	0.046685687325192966	0.10834235967520739	0.5488721804511278
DNM2	1.9876069	0.87440884	0.04685517799431141	0.10834235967520739	0.3533834586466165
ZNF277	1.9876069	0.87671787	0.04685517799431141	0.10834235967520739	0.3383458646616541
ST3GAL3	1.9860733	0.9189774	0.04702518610797442	0.10834235967520739	0.3233082706766917
ARFGAP3	1.9853065	1.0520624	0.047110384574788326	0.10834235967520739	0.2706766917293233
PPP2R2A	1.9845396	0.5365981	0.04719571284481637	0.10834235967520739	0.5488721804511278
SMC5	1.9814724	0.5752423	0.04753832690833012	0.10878061184445095	0.5789473684210527
DNMT3A	1.9768714	0.9015566	0.04805616720928855	0.10878061184445095	0.3383458646616541
RSRC1	1.9768714	0.6067633	0.04805616720928855	0.10878061184445095	0.46616541353383456
CYCS	1.9761046	0.82708025	0.048142933065984155	0.10878061184445095	0.3609022556390977
DCP2	1.9753377	0.6309466	0.048229830500704236	0.10878061184445095	0.42857142857142855
SRP9	1.9730372	0.55643433	0.048491313756957276	0.10878061184445095	0.5789473684210527
MALT1	1.9722705	0.51798743	0.04857873898806988	0.10878061184445095	0.6240601503759399
UTP23	1.9722705	0.98466265	0.04857873898806988	0.10878061184445095	0.3007518796992481
SEC13	1.9692031	1.2510724	0.048929764605138634	0.10888587007888201	0.2556390977443609
EIF4G3	1.9692031	0.6829363	0.048929764605138634	0.10888587007888201	0.42857142857142855
UBE3A	1.9669027	0.5507317	0.049194428912857274	0.10888587007888201	0.5263157894736842
SUPT16H	1.9661359	0.65742654	0.04928291687579413	0.10888587007888201	0.41353383458646614
TMEM161B	1.9653691	0.9082218	0.04937153835083554	0.10888587007888201	0.3308270676691729
DAZAP1	1.956934	0.8362703	0.05035522911056355	0.11071542079209301	0.3609022556390977
PRKCQ	1.9554003	0.5384349	0.05053583513124975	0.11071542079209301	0.5789473684210527
GLO1	1.9538667	0.9843544	0.050716983583176785	0.11071542079209301	0.3082706766917293
RNF138	1.9530998	0.6298876	0.05080776159637145	0.11071542079209301	0.45112781954887216
CASP8AP2	1.9507995	0.7013024	0.05108091258892547	0.11084786970155411	0.41353383458646614
CASP8	1.9500326	0.5951001	0.051172235738936624	0.11084786970155411	0.6015037593984962
CHMP2B	1.9477321	0.8476181	0.05144702575457585	0.11111339881905434	0.3007518796992481
PDHX	1.9461985	0.98962975	0.051630904410259984	0.11118159356781648	0.3082706766917293
TMEM117	1.9400638	1.0398666	0.05237192769283354	0.11244560945814261	0.3082706766917293
AL356273.3	1.9369966	1.0091916	0.05274576146635828	0.11291614624762916	0.2781954887218045
NEK1	1.9339293	0.66956	0.053121822922572275	0.11305810709468735	0.45864661654135336
SNRPG	1.9339293	0.60068053	0.053121822922572275	0.11305810709468735	0.48120300751879697
RCOR1	1.9277947	1.0146967	0.05388066776121641	0.11415658084635014	0.3007518796992481
AHCTF1	1.9262611	0.64490795	0.05407178647206924	0.11415658084635014	0.43609022556390975
ZMYND11	1.9254942	0.5068916	0.05416755779068465	0.11415658084635014	0.5714285714285714
ENOSF1	1.9247274	0.7775622	0.05426347062148424	0.11415658084635014	0.3383458646616541
SCML1	1.9216601	0.72863	0.0546485401197493	0.11450993938506332	0.37593984962406013
BIRC3	1.9208933	0.6055843	0.05474516280190013	0.11450993938506332	0.5939849624060151
ID2	1.9185928	0.5912608	0.055035886032864335	0.11478913372568848	0.5789473684210527
REL	1.9170592	0.62416166	0.055230415704319274	0.11486667653604862	0.48872180451127817
C9orf85	1.9139919	0.8933062	0.05562119460371242	0.1153507728997445	0.2932330827067669
RBM6	1.9101578	0.57167006	0.056112905050183584	0.1160408518034958	0.5413533834586466
FAM126B	1.9078573	0.79995346	0.05640966499488484	0.116325015384932	0.37593984962406013
KDM3A	1.9040232	0.67909896	0.05690716769432557	0.11702037300523287	0.42105263157894735
FBXO32	1.9017227	0.65816474	0.0572074177662055	0.11730734541946633	0.39097744360902253
RPS6KA3	1.8978885	0.51653	0.05771076200744307	0.1177620706942328	0.6090225563909775
PREX1	1.8971218	0.7006069	0.05781187136376556	0.1177620706942328	0.3458646616541353
CD164	1.8963549	0.6362636	0.05791312791675284	0.1177620706942328	0.40601503759398494
CD5	1.8932877	0.8275189	0.058319629189402346	0.1181379101221414	0.3007518796992481
DTD1	1.8925208	0.8695733	0.05842162404670281	0.1181379101221414	0.2781954887218045
LINC00402	1.8909872	0.92264605	0.058626058292532444	0.11822381920869802	0.2932330827067669
UBE2I	1.8863863	0.5554364	0.059242928444087614	0.11913867152667756	0.5488721804511278
ADAM10	1.8817853	0.6622172	0.05986517579796142	0.12005928113327427	0.47368421052631576
MAPK8	1.8802516	0.54204327	0.060073792319585546	0.12014758463917109	0.6541353383458647
PWP1	1.8779511	0.88609385	0.06038784707324311	0.12018225831105224	0.3308270676691729
FAR1	1.8771844	0.8445447	0.06049283393994526	0.12018225831105224	0.3157894736842105
RAB7A	1.8756506	0.5142569	0.06070326153187324	0.12018225831105224	0.6090225563909775
CCDC59	1.874117	0.54593015	0.06091429530834155	0.12018225831105224	0.518796992481203
TRAF3	1.874117	0.7510279	0.06091429530834155	0.12018225831105224	0.3684210526315789
FAM204A	1.8710498	0.6801992	0.0613381864094556	0.12052456403937079	0.39849624060150374
TRIM14	1.8664488	0.5894869	0.061978600680229735	0.12052456403937079	0.39849624060150374
NPAT	1.8664488	0.60425156	0.061978600680229735	0.12052456403937079	0.5037593984962406
DIP2B	1.8649151	0.52116877	0.06219329780690145	0.12052456403937079	0.5338345864661654
STIM2	1.8633815	0.55815834	0.06240860987244131	0.12052456403937079	0.5112781954887218
NECAP2	1.8633815	1.0082837	0.06240860987244131	0.12052456403937079	0.2556390977443609
CDV3	1.8633815	0.59508526	0.06240860987244131	0.12052456403937079	0.518796992481203
TRAM1	1.8633815	0.526097	0.06240860987244131	0.12052456403937079	0.6541353383458647
CRNKL1	1.8618479	1.0607774	0.06262453813028716	0.12062246130635786	0.2631578947368421
VRK2	1.8595474	0.85002106	0.06294958862120704	0.12092947287758196	0.3157894736842105
TGOLN2	1.8572469	0.63081044	0.0632760326022616	0.12123754278123612	0.44360902255639095
GPHN	1.8557132	0.71502894	0.06349443817729206	0.12133753892519164	0.42105263157894735
ANAPC1	1.852646	0.98866844	0.06393311799365746	0.12142955389767492	0.2781954887218045
LYPLA1	1.852646	0.89694583	0.06393311799365746	0.12142955389767492	0.2932330827067669
AGGF1	1.8495787	0.72459686	0.06437429775123314	0.12142955389767492	0.3233082706766917
VPS54	1.8495787	0.74556583	0.06437429775123314	0.12142955389767492	0.3533834586466165
MSH3	1.8495787	0.86425847	0.06437429775123314	0.12142955389767492	0.3233082706766917
APOL6	1.8465114	0.85020554	0.06481798752226105	0.12195136827641898	0.3308270676691729
PPM1K	1.8434441	0.57587785	0.06526419738892332	0.122475229033198	0.5037593984962406
USP14	1.8403769	0.78081185	0.06571293744311339	0.12300113931659686	0.3609022556390977
FASTKD2	1.8380764	0.93204314	0.06605115899557913	0.1233180206311324	0.3007518796992481
SUMO1	1.8342422	0.65121526	0.06661804852882289	0.12385158407932984	0.37593984962406013
PSMG2	1.8327086	0.69994307	0.06684592346199446	0.12385158407932984	0.39097744360902253
SNHG7	1.8327086	0.56274796	0.06684592346199446	0.12385158407932984	0.5037593984962406
MBD4	1.8219731	0.9193082	0.06845907801756046	0.12651930874131426	0.2932330827067669
PDCD7	1.8204393	0.8698876	0.06869211960069117	0.12662941239521353	0.3007518796992481
NAA35	1.813538	0.84914416	0.06974888788470086	0.12784965405187163	0.3157894736842105
TSHZ1	1.8127712	0.92655206	0.06986712603957136	0.12784965405187163	0.2631578947368421
KRR1	1.8112375	0.65759444	0.07010409593122575	0.12784965405187163	0.45112781954887216
LMF1	1.8104707	0.62025434	0.07022282798617896	0.12784965405187163	0.3458646616541353
DUT	1.8097038	0.70348907	0.07034172499270776	0.12784965405187163	0.3684210526315789
SUCO	1.8089371	0.66930634	0.07046078710996477	0.12784965405187163	0.39097744360902253
SPG11	1.8081702	0.76951164	0.07058001449712913	0.12784965405187163	0.38345864661654133
CASC4	1.8035693	0.69707495	0.07129885840550705	0.1285139916938769	0.38345864661654133
SP140	1.8035693	0.6815474	0.07129885840550705	0.1285139916938769	0.3308270676691729
RANBP9	1.8020356	0.7596861	0.07153980242122933	0.12863067923028917	0.3383458646616541
CAPNS1	1.7982014	0.54486305	0.07214508256544935	0.12940027094048656	0.40601503759398494
XPR1	1.7966678	0.63350385	0.07238836601418679	0.1295183999763636	0.40601503759398494
TRAF5	1.7866992	0.85635954	0.073986127978325	0.13161042988026755	0.3082706766917293
CIR1	1.7836318	0.57439226	0.07448350723112694	0.13161042988026755	0.46616541353383456
ATF2	1.7836318	0.7510543	0.07448350723112694	0.13161042988026755	0.3533834586466165
FBXL3	1.782865	0.68656784	0.07460827798500534	0.13161042988026755	0.39097744360902253
GPBP1L1	1.7820982	0.63810307	0.07473321943500609	0.13161042988026755	0.38345864661654133
RGS2	1.7805645	0.99960124	0.0749836150632213	0.13161042988026755	0.2857142857142857
SERINC3	1.7805645	0.7127851	0.0749836150632213	0.13161042988026755	0.3684210526315789
PNO1	1.7790309	0.9748551	0.07523469539564084	0.13161042988026755	0.2706766917293233
CNOT4	1.7790309	0.5264304	0.07523469539564084	0.13161042988026755	0.5338345864661654
NUP88	1.778264	0.7510611	0.07536049272596142	0.13161042988026755	0.3609022556390977
RLF	1.7721295	0.5563572	0.07637306443603334	0.13299751618178737	0.47368421052631576
SPIDR	1.7705958	0.6174532	0.07662793353107009	0.13299751618178737	0.5112781954887218
API5	1.769829	0.6906386	0.0767556278846106	0.13299751618178737	0.38345864661654133
MIS18BP1	1.7690622	0.75531334	0.07688349565577297	0.13299751618178737	0.3609022556390977
NIPA2	1.7629277	1.0233581	0.07791270008883658	0.13445926965685745	0.2556390977443609
MBTD1	1.7613939	0.7149203	0.07817174659182531	0.13458814861328416	0.37593984962406013
PSMA5	1.7590935	0.7240079	0.07856163060284166	0.13484769583633832	0.3383458646616541
GNAQ	1.7583266	0.53161013	0.07869194304969881	0.13484769583633832	0.5112781954887218
CRY1	1.756793	0.8081654	0.07895309557047445	0.13497836010877365	0.3458646616541353
TMEM168	1.7498916	0.8137037	0.08013701952256129	0.13608898539245295	0.3233082706766917
SLIRP	1.7498916	0.62686485	0.08013701952256129	0.13608898539245295	0.39849624060150374
NUDC	1.748358	0.55598766	0.08040206307271865	0.13608898539245295	0.45864661654135336
C6orf62	1.748358	0.5165765	0.08040206307271865	0.13608898539245295	0.45864661654135336
ACACA	1.7475911	0.9995617	0.08053485162950641	0.13608898539245295	0.2706766917293233
PPP2R2D	1.7452906	0.70851356	0.08093428635261593	0.13644810401249338	0.3233082706766917
SIK2	1.7422234	0.72350115	0.08146936643205381	0.13703372694792462	0.3533834586466165
PARP9	1.7399229	0.7611214	0.08187255744624862	0.13739532628910686	0.2706766917293233
AP2A2	1.7368556	1.0236957	0.08241266164529228	0.1379845022960169	0.2556390977443609
GPR132	1.7330215	0.9005099	0.08309185020383358	0.138803319562468	0.2556390977443609
ZNF831	1.7299542	0.61008984	0.08363846022127754	0.13939743370212923	0.41353383458646614
PRKY	1.7276537	0.81150925	0.08405032566036305	0.13949908786239204	0.3308270676691729
SGK1	1.7268869	0.7642954	0.08418797841079988	0.13949908786239204	0.3007518796992481
TUBB4B	1.7253532	0.86677915	0.08446383128106476	0.13949908786239204	0.2781954887218045
MRPL33	1.7253532	0.5888866	0.08446383128106476	0.13949908786239204	0.39849624060150374
TRIM24	1.7238196	0.6888133	0.08474041504746813	0.13963996159063596	0.3609022556390977
ANKH	1.7192186	0.5989674	0.08557456456629972	0.14069691921936664	0.39849624060150374
NRDC	1.7153845	0.51293206	0.08627474792073132	0.1413556221128452	0.48120300751879697
MTMR1	1.7146177	0.77975154	0.086415338381902	0.1413556221128452	0.3308270676691729
RASAL3	1.7138509	0.7905374	0.08655611381430384	0.1413556221128452	0.3007518796992481
PBX3	1.7107836	0.6556251	0.08712106846560692	0.14196066959797557	0.3609022556390977
C1orf27	1.7084831	1.0234588	0.08754673451454308	0.1423365616828874	0.2631578947368421
MYO9A	1.7069495	0.59951353	0.0878314428872132	0.14248211846147918	0.43609022556390975
METTL16	1.7054158	0.6212899	0.08811689756240566	0.14262823773959232	0.42105263157894735
FDFT1	1.6992812	0.8762338	0.08926620494800623	0.1441688708231074	0.2556390977443609
SLC30A5	1.6977476	0.8732499	0.08955541037900734	0.1442317531004333	0.3007518796992481
IGF1R	1.6969807	0.50114626	0.08970029576383111	0.1442317531004333	0.46616541353383456
PRKD3	1.6946803	0.83018786	0.09013608451862784	0.14429680197061037	0.3082706766917293
TTC37	1.6946803	0.5488732	0.09013608451862784	0.14429680197061037	0.42105263157894735
TTC19	1.6885457	0.6312825	0.09130652179636659	0.14505152593424495	0.42857142857142855
RPTOR	1.6885457	0.6079294	0.09130652179636659	0.14505152593424495	0.3684210526315789
AKAP10	1.6877788	0.58311236	0.09145368167280139	0.14505152593424495	0.39849624060150374
FBXO38	1.6870121	0.74375117	0.09160103213107797	0.14505152593424495	0.3157894736842105
ANKRD30BL	1.6870121	0.7495989	0.09160103213107797	0.14505152593424495	0.3082706766917293
IFNAR1	1.6793438	0.7910813	0.09308505391937076	0.1467582588963959	0.3233082706766917
GRPEL1	1.678577	0.87552506	0.09323451133786244	0.1467582588963959	0.2857142857142857
IMMT	1.6778102	0.7119629	0.09338416125769905	0.1467582588963959	0.3233082706766917
BTAF1	1.6770433	0.51312953	0.09353400383871227	0.1467582588963959	0.40601503759398494
AC010894.3	1.6762766	0.7263096	0.09368403924071302	0.1467582588963959	0.3082706766917293
RBCK1	1.6716756	0.85052294	0.09458830984014004	0.14785752930043303	0.2857142857142857
PSMA3	1.6701419	0.71394616	0.0948912831824022	0.14801418103237948	0.3157894736842105
RAD23B	1.6670747	0.58005756	0.0954995622429164	0.14848737892816313	0.39849624060150374
KLHL24	1.6663078	0.5308711	0.09565211885043803	0.14848737892816313	0.46616541353383456
BZW2	1.665541	0.5672781	0.09580487051392443	0.14848737892816313	0.44360902255639095
UTY	1.6601732	0.62525177	0.09687960711660623	0.14951820971484683	0.3609022556390977
MAF1	1.6601732	0.52595496	0.09687960711660623	0.14951820971484683	0.39097744360902253
BNIP3	1.6578728	0.79598564	0.09734315029478326	0.149524332788652	0.3082706766917293
SIDT1	1.6578728	0.52407366	0.09734315029478326	0.149524332788652	0.41353383458646614
RC3H1	1.6571059	0.51051307	0.0974980580923265	0.149524332788652	0.5263157894736842
CNOT7	1.6540387	0.50480795	0.09811966055055966	0.15016216394530094	0.49624060150375937
TASP1	1.6517382	0.6214963	0.09858793667957433	0.15056316689558424	0.3684210526315789
PCNX2	1.6502045	0.6046594	0.09890111090536453	0.15072611891631754	0.44360902255639095
KLHL20	1.6486709	0.5385947	0.09921507872608391	0.1507402162469735	0.3684210526315789
SERPINB1	1.6471373	0.5145158	0.09952984141238524	0.1507402162469735	0.41353383458646614
SAFB2	1.6471373	0.5409366	0.09952984141238524	0.1507402162469735	0.41353383458646614
USPL1	1.6456035	0.7305967	0.09984540023439403	0.15090505625488124	0.2781954887218045
TFCP2	1.6440699	0.83515614	0.10016175646169873	0.15099746560664262	0.2631578947368421
AL592183.1	1.6433032	0.74917525	0.10032023399893379	0.15099746560664262	0.3157894736842105
AGO3	1.639469	0.51073176	0.10111562226299389	0.1515696185872393	0.44360902255639095
HIST1H1D	1.639469	0.54453605	0.10111562226299389	0.1515696185872393	0.38345864661654133
BTBD7	1.6379354	0.7757615	0.10143518079625681	0.15173705324030218	0.2932330827067669
NR1D2	1.6364017	0.57037354	0.10175554307433507	0.15190500295350634	0.40601503759398494
RETREG1	1.6318008	0.51349175	0.10272146503586986	0.15227305690773935	0.5037593984962406
AP5M1	1.6302671	0.81434286	0.10304505494852498	0.15227305690773935	0.2932330827067669
TXNL4A	1.6302671	0.55638176	0.10304505494852498	0.15227305690773935	0.41353383458646614
MBTPS1	1.6302671	0.56217724	0.10304505494852498	0.15227305690773935	0.39849624060150374
CDYL	1.6302671	0.6982877	0.10304505494852498	0.15227305690773935	0.3233082706766917
LCORL	1.6279666	0.63957816	0.10353195909223839	0.15261513378779645	0.3157894736842105
RNF4	1.6271998	0.60400045	0.10369466624485896	0.15261513378779645	0.39849624060150374
YTHDF3	1.6241325	0.9411089	0.10434752791917827	0.1528257639706141	0.2706766917293233
YAF2	1.6233658	0.6293721	0.1045112523920391	0.1528257639706141	0.3458646616541353
ADIPOR2	1.6233658	0.8038347	0.1045112523920391	0.1528257639706141	0.2706766917293233
DGKD	1.6225989	0.55081815	0.10467518080179046	0.1528257639706141	0.5112781954887218
UIMC1	1.6210653	0.68391246	0.10500365006197268	0.15299933042962088	0.3082706766917293
UFL1	1.6164643	0.58831114	0.10599396870007548	0.1540688070098069	0.3609022556390977
ZBTB38	1.6156975	0.68443894	0.10615973962456558	0.1540688070098069	0.3308270676691729
CAAP1	1.6141639	0.5234866	0.10649189816059362	0.15424421757387569	0.37593984962406013
PPM1A	1.6072624	0.8213498	0.10799681798260996	0.15611421213327778	0.2631578947368421
MTERF4	1.6057287	0.55133706	0.10833352017335998	0.1562914421473375	0.45864661654135336
DENND1A	1.6018946	0.9386788	0.10917891047565803	0.15713481774947569	0.2706766917293233
ABCB1	1.6011279	0.79543465	0.10934861289963514	0.15713481774947569	0.3082706766917293
CCNC	1.5995941	0.6534721	0.10968864336064219	0.1573137714209603	0.3458646616541353
TIMM13	1.5949932	0.80129236	0.11071375088037352	0.1584726238091621	0.2932330827067669
CLK4	1.5926927	0.63504016	0.11122913393118788	0.1585243360343982	0.3609022556390977
THOC1	1.5926927	0.65285015	0.11122913393118788	0.1585243360343982	0.37593984962406013
CHTOP	1.591926	0.8343594	0.11140134847348805	0.1585243360343982	0.2631578947368421
APOL3	1.5896255	0.72053176	0.11191925485330027	0.15895147090060155	0.3007518796992481
TOMM22	1.587325	0.6670031	0.11243905862467965	0.15937963649711873	0.3609022556390977
C4orf3	1.5834908	0.51326257	0.11330962604819425	0.15980613904281996	0.5112781954887218
LPXN	1.5827241	0.5653918	0.11348437509845873	0.15980613904281996	0.42105263157894735
ING3	1.5819572	0.85066354	0.1136593363651916	0.15980613904281996	0.2857142857142857
FAM177A1	1.5811903	0.6035544	0.11383451000310461	0.15980613904281996	0.38345864661654133
PTP4A1	1.5811903	0.9399514	0.11383451000310461	0.15980613904281996	0.2556390977443609
FAM96B	1.5796567	0.77251226	0.11418549501100715	0.15999119262578737	0.2631578947368421
EXT1	1.5765895	1.0272489	0.11489002028135502	0.160669951734462	0.2706766917293233
ZNF124	1.5735222	0.82449245	0.11559796078887395	0.1607362121445295	0.2706766917293233
TROVE2	1.5735222	0.5211111	0.11559796078887395	0.1607362121445295	0.38345864661654133
MRPL13	1.5735222	0.89395136	0.11559796078887395	0.1607362121445295	0.2556390977443609
DBI	1.5681545	0.5536274	0.11684510424754803	0.16210173182815626	0.40601503759398494
DYNC1LI1	1.5673876	0.80930674	0.11702412694991556	0.16210173182815626	0.2781954887218045
PGAM1	1.5643203	0.9010592	0.1177423722781064	0.16266988028970575	0.2631578947368421
KDM7A	1.5627866	0.5366484	0.11810278979937541	0.16266988028970575	0.41353383458646614
ZNRF2	1.5627866	0.63678575	0.11810278979937541	0.16266988028970575	0.2781954887218045
EIF3L	1.5604862	0.6785134	0.11864503809763959	0.1631089977613501	0.3007518796992481
MLLT10	1.5589526	0.5177563	0.11900762009135539	0.1632999298246042	0.39097744360902253
IREB2	1.5520511	0.58108306	0.12064999728801909	0.1652429606383751	0.3308270676691729
CCDC84	1.5474502	0.7439472	0.1217547344480304	0.16644373810311272	0.2781954887218045
PSEN1	1.5428492	0.63349533	0.1228673650890419	0.16765079722430015	0.3233082706766917
KIAA0232	1.5413156	0.6096337	0.12324000172745403	0.16784552474074896	0.3233082706766917
FAM162A	1.5382483	0.5777444	0.12398792189002965	0.16854968897527306	0.3533834586466165
TGS1	1.5367147	0.5686556	0.1243632078258735	0.16874561656670567	0.41353383458646614
SQSTM1	1.5351809	0.50055236	0.12473937927035214	0.16894201645149734	0.48120300751879697
CFAP36	1.5336473	0.8400788	0.12511643742600428	0.16913888763145024	0.2631578947368421
CHD8	1.5275128	0.5805721	0.12663356116392413	0.17055811743480556	0.3233082706766917
RBBP7	1.5275128	0.5346632	0.12663356116392413	0.17055811743480556	0.3684210526315789
PPA2	1.5236787	0.51030797	0.12758901185078295	0.17147052280262123	0.39097744360902253
MIDN	1.5229118	0.5533166	0.12778077315702185	0.17147052280262123	0.3233082706766917
GPATCH2	1.5183109	0.6790544	0.12893605168138556	0.17270333527965404	0.2932330827067669
ZNF146	1.5152435	0.5129527	0.1297107346232368	0.17310573359225387	0.41353383458646614
AL390728.4	1.5152435	0.7115175	0.1297107346232368	0.17310573359225387	0.2932330827067669
MAP3K5	1.509109	0.6685922	0.13127093657209354	0.17454969708129014	0.3458646616541353
CDC42EP3	1.509109	0.8143684	0.13127093657209354	0.17454969708129014	0.3082706766917293
MIA3	1.5068085	0.50722146	0.1318597493753487	0.17501384917091736	0.42105263157894735
AC079781.5	1.504508	0.66209215	0.1324506067618963	0.1753658664584656	0.2932330827067669
AKTIP	1.5037413	0.890862	0.13264801426090822	0.1753658664584656	0.2556390977443609
CFAP97	1.5029744	0.6489875	0.13284564952264588	0.1753658664584656	0.3383458646616541
SELENOT	1.5014408	0.63180256	0.13324160391995263	0.17546058259103395	0.3533834586466165
AC093752.1	1.5006739	0.5202267	0.1334399233481003	0.17546058259103395	0.42105263157894735
XPA	1.4999071	0.5775448	0.13363847112412996	0.17546058259103395	0.3383458646616541
ARHGAP12	1.4983734	0.672546	0.1340362523038902	0.17566690158319542	0.3007518796992481
PPP1R15A	1.4945394	0.5751767	0.13503471155155428	0.17665831439540255	0.48120300751879697
AL359220.1	1.4899384	0.8534492	0.13624043817876322	0.17780794591710017	0.2556390977443609
PARP14	1.4884048	0.6086053	0.13664418857464822	0.17780794591710017	0.3308270676691729
PHYKPL	1.4884048	0.52297914	0.13664418857464822	0.17780794591710017	0.3458646616541353
UBE2G1	1.4815034	0.5131463	0.13847250028296496	0.17970755958507084	0.41353383458646614
NDUFAF2	1.4799696	0.52339077	0.13888133973019318	0.17970755958507084	0.37593984962406013
ATXN10	1.478436	0.6107576	0.13929110819512602	0.17970755958507084	0.3533834586466165
PPP1R16B	1.4776692	0.6723804	0.13949634116712598	0.17970755958507084	0.3157894736842105
CCDC186	1.4776692	0.6322495	0.13949634116712598	0.17970755958507084	0.3308270676691729
MRPL1	1.4769024	0.52416	0.13970180682280295	0.17970755958507084	0.48120300751879697
ARL8B	1.4761356	0.6487493	0.13990750530500837	0.17970755958507084	0.3007518796992481
RPRD2	1.4753687	0.56091696	0.14011343675648172	0.17970755958507084	0.39849624060150374
CRTAM	1.4746019	0.58625185	0.14031960131984983	0.17970755958507084	0.3157894736842105
TDG	1.4730682	0.5381876	0.1407326303522133	0.17992087593190145	0.3007518796992481
MKL1	1.4715346	0.57766014	0.14114659354085018	0.1801346386098263	0.3308270676691729
RIOK3	1.4661669	0.5315351	0.14260283757952466	0.18135900946524913	0.3458646616541353
RBL1	1.4661669	0.6039836	0.14260283757952466	0.18135900946524913	0.3082706766917293
SAMD9	1.4615659	0.60182875	0.14386020266982721	0.18232282630030186	0.38345864661654133
RRP1B	1.4615659	0.50670445	0.14386020266982721	0.18232282630030186	0.3533834586466165
ZMYM4	1.456965	0.54735214	0.14512605149004182	0.1835581883327667	0.3684210526315789
TTC33	1.4561981	0.76116526	0.14533785322786183	0.1835581883327667	0.2706766917293233
CASP3	1.4546645	0.67925936	0.14576216676277795	0.18377613426049724	0.3007518796992481
DAAM1	1.452364	0.7656719	0.14640041430503445	0.18426259041840543	0.2631578947368421
KBTBD2	1.4492967	0.72094315	0.14725473438625966	0.18492079672682846	0.2781954887218045
UBLCP1	1.4477631	0.6145607	0.147683321221563	0.18492079672682846	0.3082706766917293
SLC35C2	1.4477631	0.78024536	0.147683321221563	0.18492079672682846	0.2631578947368421
GALNT1	1.4462295	0.6424172	0.14811286073012836	0.18514107591266044	0.3383458646616541
NOL10	1.4400948	0.609705	0.1498405675678124	0.1869805373068428	0.3082706766917293
GLCCI1	1.4385612	0.6785609	0.1502748869778284	0.18715409987995388	0.3082706766917293
ARID2	1.4377943	0.51867914	0.15049240634182592	0.18715409987995388	0.46616541353383456
UBE2S	1.4347271	0.56306565	0.15136488471133588	0.18787102174191925	0.37593984962406013
EFCAB14	1.4339602	0.5246421	0.15158360521368552	0.18787102174191925	0.3609022556390977
ZXDC	1.430893	0.66356534	0.15246089494255688	0.18863805645435003	0.3233082706766917
EID1	1.4293593	0.52002615	0.1529009863373287	0.1888624704335871	0.42857142857142855
TAF4B	1.4278257	0.5115658	0.153342043529014	0.18908731718949362	0.39097744360902253
MANBA	1.4262921	0.6384666	0.15378406759741556	0.1893125958619112	0.3007518796992481
MSL3	1.4232247	0.5651442	0.15467102067263486	0.19008391429465227	0.3383458646616541
NMI	1.4209243	0.8206754	0.15533878152917813	0.1904910787067191	0.2556390977443609
MRPS25	1.4201574	0.7862988	0.15556185415746218	0.1904910787067191	0.2781954887218045
UBE3D	1.4193906	0.7612359	0.15578516984645385	0.1904910787067191	0.2556390977443609
SLC35D1	1.4170902	0.5081211	0.15645657661079831	0.19099214201652637	0.42857142857142855
NT5E	1.4140228	0.5567378	0.1573551965555715	0.19108594171045104	0.3157894736842105
MKRN1	1.4140228	0.5588995	0.1573551965555715	0.19108594171045104	0.38345864661654133
MICU3	1.4140228	0.64352226	0.1573551965555715	0.19108594171045104	0.2932330827067669
COQ10B	1.413256	0.5999521	0.1575804615201254	0.19108594171045104	0.2857142857142857
MGMT	1.4109555	0.56723773	0.15825772247834025	0.1912717506774642	0.3383458646616541
APLP2	1.4109555	0.6550684	0.15825772247834025	0.1912717506774642	0.2932330827067669
POLG2	1.4094219	0.64007026	0.1587104528234793	0.19150186869609898	0.2631578947368421
SMARCAD1	1.4071214	0.61793476	0.1593913855325504	0.19200612448640558	0.3157894736842105
TMEM167A	1.3971527	0.6326175	0.16236765129182207	0.19526916876940711	0.2857142857142857
GADD45A	1.3887177	0.6627982	0.1649186223204503	0.19801084587817222	0.2857142857142857
ARL17B	1.3856504	0.7437348	0.16585369148922158	0.19876114582632134	0.2556390977443609
ALKBH5	1.3848835	0.5940934	0.16608808075898085	0.19876114582632134	0.2706766917293233
NOL11	1.382583	0.6785534	0.16679274334155103	0.19927774572722137	0.2706766917293233
PIK3CB	1.3802826	0.56082255	0.1674996507355042	0.19975060971741185	0.2706766917293233
PRDX5	1.3795158	0.6922218	0.16773578596818284	0.19975060971741185	0.3007518796992481
UNK	1.3779821	0.7411644	0.16820880633905555	0.19998766877444715	0.2556390977443609
MAT2B	1.3764485	0.5064041	0.16868282741899243	0.20022514474124303	0.39097744360902253
SMG1P3	1.374148	0.54589355	0.16939573755470672	0.20065817683855594	0.2857142857142857
DNAJC7	1.3733811	0.5348984	0.16963387570258648	0.20065817683855594	0.3609022556390977
PPP4R2	1.3726144	0.51148623	0.1698722647756542	0.20065817683855594	0.39097744360902253
ACTR10	1.3703139	0.7057143	0.1705889387859013	0.20113658539214901	0.2556390977443609
BCAS2	1.369547	0.51944226	0.1708283327988115	0.20113658539214901	0.39849624060150374
UBE2G2	1.3664798	0.5200722	0.17178842552114904	0.20194130536302543	0.39849624060150374
EXOC2	1.3641793	0.54288447	0.17251114100867682	0.20225856945817716	0.3609022556390977
MAP3K7	1.3634125	0.69692963	0.1727525508143768	0.20225856945817716	0.2932330827067669
BTF3L4	1.3618789	0.6910293	0.17323612812324374	0.20225856945817716	0.2857142857142857
CASD1	1.3603451	0.6139698	0.17372071650722887	0.20225856945817716	0.3383458646616541
AGBL3	1.3603451	0.5347286	0.17372071650722887	0.20225856945817716	0.38345864661654133
FAM118A	1.3603451	0.7637566	0.17372071650722887	0.20225856945817716	0.2631578947368421
COMMD1	1.3572779	0.736478	0.17469293038506217	0.2030666228998334	0.2857142857142857
MAP3K1	1.348076	0.61829776	0.1776339383229235	0.20582980154878439	0.2631578947368421
RAB10	1.348076	0.6101611	0.1776339383229235	0.20582980154878439	0.3533834586466165
CMC1	1.3450087	0.6133542	0.17862242191264444	0.20664717590527804	0.2631578947368421
COPS6	1.3404077	0.6036781	0.1801128117361892	0.20771303723130824	0.3007518796992481
JADE2	1.3404077	0.58572596	0.1801128117361892	0.20771303723130824	0.2857142857142857
GPR89B	1.33504	0.6213763	0.18186325446327167	0.20940090813594373	0.3157894736842105
AC010260.1	1.3327395	0.6101917	0.18261729567718532	0.20960790227098317	0.3007518796992481
SACM1L	1.3327395	0.6431154	0.18261729567718532	0.20960790227098317	0.2857142857142857
VPS8	1.3312058	0.5270879	0.18312127595241112	0.20977650849685942	0.3533834586466165
ABHD3	1.3304391	0.63358206	0.18337365227421587	0.20977650849685942	0.2857142857142857
NAA20	1.3296722	0.6887287	0.18362628620478516	0.20977650849685942	0.2631578947368421
TMEM248	1.326605	0.6750948	0.18463940029679748	0.21060431596353466	0.2781954887218045
GBA3	1.3235376	0.68368834	0.18565664523491576	0.21110490813315966	0.2781954887218045
NUP58	1.3235376	0.5851296	0.18565664523491576	0.21110490813315966	0.3082706766917293
USP38	1.3204703	0.5953857	0.18667802825263669	0.2119361751546264	0.3007518796992481
GLUD1	1.3174031	0.72436446	0.1877035565348597	0.21276955942616083	0.2932330827067669
NENF	1.3158695	0.5857307	0.18821787738205376	0.21302178370371977	0.2932330827067669
PSMB4	1.2982324	0.53964734	0.19420746498041908	0.21941861527273973	0.2857142857142857
BZW1	1.2974657	0.5156982	0.1944710192896748	0.21941861527273973	0.3684210526315789
FRA10AC1	1.2897974	0.6192273	0.19712100891507367	0.2217231687334419	0.2781954887218045
CDC37L1	1.2897974	0.52934897	0.19712100891507367	0.2217231687334419	0.3007518796992481
HIPK1	1.2851964	0.5193642	0.19872363904816825	0.22313965790536205	0.39849624060150374
EIF4A3	1.2844297	0.689606	0.1989916675293023	0.22313965790536205	0.2556390977443609
NOP14	1.2821292	0.5354718	0.19979733809954536	0.22335690170393277	0.3233082706766917
FAM76B	1.2821292	0.5476386	0.19979733809954536	0.22335690170393277	0.3233082706766917
DPY30	1.2805955	0.60148054	0.20033577377295908	0.2236163835692051	0.2556390977443609
RAB4A	1.278295	0.55587095	0.2011454122552374	0.22413650865891313	0.2857142857142857
HMOX2	1.2775283	0.55652356	0.20141582147979042	0.22413650865891313	0.3082706766917293
TCF20	1.2729273	0.54030025	0.2030438460319014	0.22560427336877933	0.2857142857142857
ZNF33B	1.2683264	0.56923115	0.20468143333649202	0.22703697406527856	0.2932330827067669
CBL	1.2675595	0.69006044	0.20495529576577887	0.22703697406527856	0.2857142857142857
TRIM22	1.2660259	0.5299761	0.20550381968862397	0.2272190167169894	0.3609022556390977
SRM	1.265259	0.54233426	0.20577848137724375	0.2272190167169894	0.2932330827067669
ZNF141	1.2644923	0.525751	0.20605340968033836	0.2272190167169894	0.2706766917293233
WDR20	1.2606581	0.5805606	0.20743205379964624	0.22835246603050197	0.2631578947368421
FCF1	1.2591245	0.5763142	0.20798538112614884	0.22835246603050197	0.2706766917293233
TBC1D32	1.2583576	0.54591906	0.2082624458179314	0.22835246603050197	0.3007518796992481
WDR75	1.256824	0.6164738	0.20881737773463205	0.22835246603050197	0.2857142857142857
BNIP2	1.256824	0.52297485	0.20881737773463205	0.22835246603050197	0.2706766917293233
ABCE1	1.2552904	0.5871966	0.20937338032767594	0.22835246603050197	0.3157894736842105
TXLNGY	1.2552904	0.7083924	0.20937338032767594	0.22835246603050197	0.2706766917293233
SEPT11	1.2545235	0.6382199	0.20965178336404944	0.22835246603050197	0.2781954887218045
IPO9	1.2537566	0.6205391	0.20993045435252766	0.22835246603050197	0.2706766917293233
GLMN	1.2529899	0.55980736	0.21020939338698263	0.22835246603050197	0.2706766917293233
ATP1B3	1.2468553	0.5073645	0.21245056650799343	0.23044415089277148	0.40601503759398494
DDX10	1.2422544	0.5967038	0.21414273672725082	0.23178709940387912	0.2781954887218045
RIN3	1.2407207	0.5914916	0.21470894791390172	0.23178709940387912	0.2631578947368421
SNRNP200	1.2407207	0.51036835	0.21470894791390172	0.23178709940387912	0.3082706766917293
METTL25	1.2399539	0.6211632	0.2149924578728103	0.23178709940387912	0.2556390977443609
ZBTB4	1.239187	0.6477973	0.2152762375285343	0.23178709940387912	0.2631578947368421
MPHOSPH9	1.2376534	0.58933073	0.2158446062883178	0.2320210481862364	0.3308270676691729
PPID	1.2368866	0.59297186	0.21612919557074073	0.2320210481862364	0.3157894736842105
SAMD12	1.2330525	0.6168455	0.21755619455443997	0.23321001765747604	0.3082706766917293
LSM6	1.2315189	0.6270242	0.21812888699199917	0.23348106672164132	0.2556390977443609
FNDC3B	1.2253842	0.6237931	0.2204304904201405	0.23559920645198035	0.3157894736842105
LRPAP1	1.2238506	0.5638539	0.22100860314160653	0.23587175481487246	0.2706766917293233
ZCCHC17	1.222317	0.5109754	0.2215878019734876	0.2361446648768554	0.3082706766917293
RAPGEF2	1.2200165	0.5796775	0.22245863815520028	0.23634753820784438	0.2706766917293233
XKR6	1.2200165	0.53846663	0.22245863815520028	0.23634753820784438	0.3458646616541353
ZNF767P	1.2192496	0.5308301	0.2227494606671191	0.23634753820784438	0.2781954887218045
PRKAA1	1.2115813	0.6797832	0.22567266115367934	0.23910165840665593	0.2781954887218045
ARHGAP5	1.2000791	0.5178351	0.23010864617591553	0.24305895167204514	0.3458646616541353
DYNLL2	1.2000791	0.57108927	0.23010864617591553	0.24305895167204514	0.2857142857142857
CROCC	1.1993122	0.659376	0.23040656788637703	0.24305895167204514	0.2631578947368421
C16orf52	1.1977786	0.6238524	0.23100323372296316	0.24333673970817185	0.2706766917293233
MFSD14C	1.1931776	0.52172697	0.23279981604868927	0.244875887198189	0.3383458646616541
AC097376.2	1.1893435	0.740684	0.23430452207032637	0.24610403037602624	0.2556390977443609
GANAB	1.1809084	0.53302795	0.2376390960377479	0.24924790245338502	0.2932330827067669
ETFRF1	1.1763076	0.6014116	0.23947201851661737	0.2508100050460985	0.2631578947368421
MYADM	1.1517692	0.54158545	0.2494159497598073	0.26085049186913944	0.3082706766917293
TTLL5	1.1448678	0.5698313	0.25226395214929354	0.2634516238469017	0.2556390977443609
SLC16A10	1.1379663	0.57296324	0.2551345462332354	0.2660688839289455	0.3609022556390977
MITD1	1.1325985	0.6099348	0.2573828760386836	0.26798402407687255	0.3007518796992481
PTPRE	1.1318318	0.5050617	0.2577051847972117	0.26798402407687255	0.2781954887218045
TSG101	1.1241635	0.5400164	0.26094367325544887	0.2709656920006795	0.3007518796992481
P4HB	1.1180289	0.5268854	0.26355464858873046	0.2732882009513824	0.2857142857142857
KLHL5	1.1149616	0.5595216	0.264866873195462	0.2742593155073578	0.2932330827067669
IKZF5	1.113428	0.5590687	0.26552467107772626	0.2745510055052977	0.3233082706766917
DNAJC2	1.1118944	0.5374995	0.2661835931788529	0.2748430311464818	0.2781954887218045
KIAA0368	1.108827	0.591443	0.2675048115085562	0.27581710791136443	0.2556390977443609
RNF34	1.1034592	0.5457688	0.2698277763967263	0.2778198544000144	0.2857142857142857
CEP170	1.087356	0.55046266	0.2768795272047888	0.2842785581708802	0.2556390977443609
PSMD6-AS2	1.087356	0.53407544	0.2768795272047888	0.2842785581708802	0.2631578947368421
PRPF39	1.0842887	0.565282	0.27823683018519885	0.28521894743148685	0.2631578947368421
PRIM2	1.0835218	0.60474193	0.2785768623543152	0.28521894743148685	0.2556390977443609
ATXN2	1.0819882	0.60234857	0.2792577746471483	0.28551565195016565	0.2857142857142857
RIOK2	1.0735531	0.5085903	0.2830230131015494	0.28896055883095256	0.2556390977443609
PARG	1.0674186	0.50956804	0.2857828788828074	0.2913708122687841	0.2857142857142857
DLG2	1.0628176	0.64876604	0.2878646761191206	0.2930839798702343	0.2857142857142857
SREBF2	1.0589834	0.57929766	0.2896073022600958	0.2943927330590569	0.2706766917293233
RAB22A	1.0582167	0.5244976	0.28995667817734505	0.2943927330590569	0.2932330827067669
COL4A3BP	1.0490148	0.59594095	0.2941713184406838	0.2982570311968044	0.2932330827067669
PPP1R11	1.02601	0.5742821	0.3048868399446253	0.3086926396110631	0.2781954887218045
ARHGEF7	1.0221759	0.50139457	0.30669763307396825	0.3100959447977795	0.2857142857142857
GRK6	1.0198755	0.5393971	0.30778752200062887	0.3107674841776751	0.2857142857142857
PPP3CB	0.98460156	0.5155604	0.3248198099300834	0.327511686807957	0.2631578947368421
SSR3	0.9800006	0.5018581	0.3270858003600383	0.3293415645004524	0.2706766917293233
DDX60	0.978467	0.51990867	0.3278434062068071	0.32964970596552223	0.2556390977443609
METTL26	0.939359	0.51893115	0.34754646078806806	0.34898062775143013	0.2556390977443609
UBASH3B	0.8711117	0.5368988	0.38369317494609356	0.38474727707506634	0.2631578947368421
MAML3	0.85654205	0.5216393	0.39169803252528657	0.3922353412118782	0.2556390977443609
FAAH2	0.67020386	0.52540386	0.5027278283521734	0.5027278283521734	0.2781954887218045
